var one = /* color: #d63000 */ee.Geometry.MultiPoint(
        [[ 17.9171 , 35.9005 ] ,
[ 6.4757 , 40.467 ]]),
    two = /* color: #98ff00 */ee.Geometry.MultiPoint([
[ 9.65 , 41.35 ] ,
[ 11.0 , 41.6667 ] ,
[ 15.11 , 38.48 ] ,
[ 10.3391 , 41.68452 ] ,
[ 2.6904 , 40.59962 ] ,
[ -7.14958 , 36.96298 ] ,
[ -2.69442 , 35.90385 ] ,
[ 24.3327 , 34.3165 ]]),
    three = /* color: #ffc82d */ee.Geometry.MultiPoint([
[ 22.0667 , 36.1833 ] ,
[ 24.5333 , 34.0833 ] ,
[ 28.05 , 34.7333 ] ,
[ 11.9 , 37.2667 ] ,
[ 10.4167 , 38.5833 ] ,
[ 8.8333 , 38.25 ] ,
[ 7.25 , 38.3333 ] ,
[ 6.0833 , 39.4167 ] ,
[ 6.25 , 40.85 ] ,
[ 7.8 , 41.4167 ] ,
[ 8.5 , 41.1667 ] ,
[ 11.7 , 42.05 ] ,
[ 12.07 , 39.49 ] ,
[ 14.55 , 38.27 ] ,
[ 6.062930000000001 , 41.74537 ] ,
[ 15.680929999999998 , 38.46182 ] ,
[ 19.0006 , 39.9999 ]]),
    four = /* color: #a558d6 */ee.Geometry.MultiPoint([
[ 18.6167 , 36.7833 ] ,
[ 28.0 , 32.6667 ] ,
[ 26.0 , 32.7833 ] ,
[ 17.5 , 33.8833 ] ,
[ 5.3507 , 37.8669 ] ,
[ -4.0 , 35.85 ] ,
[ 10.3 , 41.8834 ]]),
    five = /* color: #000000 */ee.Geometry.MultiPoint([
[ 19.0 , 33.0 ] ,
[ 14.2667 , 35.0833 ] ,
[ 11.8667 , 37.2667 ] ,
[ 13.3333 , 39.6667 ] ,
[ 10.2 , 43.22 ] ,
[ 10.2 , 43.22 ] ,
[ 10.14 , 43.36 ] ,
[ 10.53 , 41.2 ] ,
[ 11.841 , 37.3272 ]]),
    gold = /* color: #fbff11 */ee.Geometry.MultiPoint([[ 7.732363 , 45.758018] ,
[ 8.943265 , 39.528889] ,
[ 8.977160 , 39.534053] ,
[ 8.8341923 , 39.652508] ,
[ 26.971010 , 39.211090] ,
[ 27.065347 , 39.080085] ,
[ 39.018103 , 39.018103] ,
[ 2.358557 , 43.329475] ,
[ 29.147730 , 38.466592] ,
[ 46.732790 , 38.695409] ,
[ 31.168102 , 39.514027] ,
[ 22.207164 , 44.251262] ,
[ 22.807588 , 41.471246] ,
[ 22.338977 , 41.669923] ,
[ 21.440501 , 42.608760] ,
[ 40.514321, 40.514321]]),
   coal = /* color: #ffaabc */ee.Geometry.MultiPoint(
        [[22.119121138962328, 37.369963403831306],
         [22.083415572556078, 40.44676150229207],
         [21.995524947556078, 40.47183890886408],
         [21.951579635056078, 40.526141172766465],
         [17.985515181931078, 40.590828724477134],
         [27.869819059060546, 37.04104820168824],
         [27.836860074685546, 37.18998041949939],
         [27.617133512185546, 39.21428373436096],
         [28.913520230935546, 39.14189392715211],
         [27.014581182995812, 40.3281897068451],
         [27.003594854870812, 39.967086147258115],
         [35.71575305799581, 36.86914678383127],
         [34.50725696424581, 31.52056561111556],
         [34.97966907362081, 32.59133101108887],
         [13.41421451751637, 38.08524026068053],
         [9.025606144567746, 39.208705318087425],
         [8.426851261755246, 39.27252183785858],
         [8.27637489322899, 40.86087357406688],
         [8.941960380940259, 44.41221542468704],
         [8.486027763752759, 44.333684848639706],
         [9.678044365315259, 44.1605469299768],
         [11.781926201252759, 42.20208642556],
         [-1.901856038176902, 37.02061683089755],
         [-5.4057328654901085, 36.1864658959691],
         [-8.804418637021854, 37.949837534922835],
         [3.1086581785696126, 39.80195211287351]]);

coal = /* color: #ffaabc */geometry;
var coal = /* color: #ffaabc */geometry.buffer(1e5);
var gold = /* color: #fbff11 */geometry.buffer(1e5);
Map.setCenter(-45, 30);
Map.addLayer(coal, {color: 'ffaabc'}, 'coal')
Map.addLayer(gold, {color: 'fbff11'}, 'gold')